0 -1
1 -1
100 65
100 47
100 81
44 -1
3 -1
5 -1
40 -1
41 -1
42 -1
3 -1
100 92
20 -1
101 48
44 -1
3 -1
100 93
20 -1
101 8
44 -1
3 -1
100 94
20 -1
21 -1
101 58
44 -1
3 -1
100 95
20 -1
22 -1
101 7
44 -1
3 -1
100 67
20 -1
101 28
44 -1
3 -1
100 68
20 -1
101 18
44 -1
3 -1
100 20
20 -1
101 70
44 -1
3 -1
100 21
20 -1
101 59
44 -1
3 -1
100 22
20 -1
101 32
44 -1
3 -1
100 23
20 -1
101 80
44 -1
3 -1
100 43
20 -1
101 12
44 -1
3 -1
100 44
20 -1
101 63
44 -1
3 -1
100 96
20 -1
101 62
44 -1
3 -1
100 99
20 -1
101 71
44 -1
3 -1
100 24
20 -1
101 83
44 -1
3 -1
100 46
20 -1
101 38
44 -1
6 -1
101 48
44 -1
43 -1
