0 -1
1 -1
2 -1
100 32
42 -1
4 -1
100 13
44 -1
4 -1
100 86
40 -1
4 -1
100 13
41 -1
42 -1
13 -1
100 13
20 -1
100 13
44 -1
6 -1
100 13
44 -1
43 -1
4 -1
100 49
40 -1
41 -1
42 -1
6 -1
101 50
23 -1
101 22
23 -1
100 13
44 -1
43 -1
4 -1
100 4
40 -1
41 -1
42 -1
6 -1
101 22
23 -1
100 13
23 -1
100 13
44 -1
43 -1
43 -1
44 -1
3 -1
5 -1
40 -1
41 -1
42 -1
100 32
100 99
44 -1
4 -1
100 13
44 -1
10 -1
32 -1
100 13
44 -1
100 99
46 -1
100 86
40 -1
100 13
41 -1
44 -1
11 -1
33 -1
47 -1
100 89
47 -1
33 -1
100 99
46 -1
100 49
40 -1
41 -1
33 -1
12 -1
44 -1
11 -1
33 -1
47 -1
100 31
47 -1
33 -1
100 99
46 -1
100 4
40 -1
41 -1
33 -1
12 -1
44 -1
6 -1
101 48
44 -1
43 -1
